123456890123456890123456890123456890123456890123456890123456890123456890123456890123456890123456890
123456890123456890123456890123456890123456890123456890123456890123456890123456890123456890123456890
123456890123456890123456890123456890123456890123456890123456890123456890123456890123456890123456890
123456890123456890123456890123456890123456890123456890123456890123456890123456890123456890123456890
12345689012345689012345689012345689012345
123456890123456890123456890123456890123456890123456890123456890123456890123456890123456890123456890
123456890123456890123456890123456890123456890123456890123456890123456890123456890123456890123456890
123456890123456890123456890123456890123456890123456890123456890123456890123456890123456890123456890
123456890123456890123456890123456890123456890123456890123456890123456890123456890123456890123456890
12345689012345689012345689012345689012345
12345689012345689012345689012345689012345
12345689012345689012345689012345689012345
12345689012345689012345689012345689012345